452
258
373
343
13
418
123
91
407
441
325
101
481
339
430
300
471
357
46
57
73
296
91
56
344
475
297
177
329
322
150
189
263
268
136
443
459
132
185
261
30
57
54
496
417
90
496
222
403
106
397
168
366
292
411
187
192
168
17
85
61
250
229
105
195
372
156
338
88
114
345
207
206
168
443
454
378
86
27
469
456
173
197
59
53
490
6
6
10
6
160
150
37
152
378
492
165
251
76
492
473
64
281
153
353
44
42
332
430
100
456
66
224
81
193
125
95
163
187
127
273
155
403
484
27
280
14
89
305
440
279
398
103
373
418
421
483
405
460
354
53
469
193
453
379
354
174
391
110
248
181
61
430
291
397
435
167
436
158
33
82
299
385
236
75
463
483
223
267
410
307
131
417
206
54
342
116
169
128
348
289
163
198
500
465
441
190
407
76
55
159
190
47
209
369
147
22
135
466
304
266
184
240
397
247
282
109
459
300
344
12
64
64
129
103
193
382
176
17
269
310
102
359
487
487
71
331
223
86
451
249
227
317
106
139
253
447
72
151
415
408
232
488
199
135
10
316
74
220
76
466
219
442
279
493
199
103
37
184
368
480
168
194
465
175
438
274
268
392
14
80
34
464
148
138
348
166
317
333
488
443
104
189
121
165
328
123
332
174
216
387
69
373
70
143
173
445
499
305
136
293
467
205
332
364
436
67
204
496
236
416
282
106
100
170
147
420
232
15
125
393
359
289
201
400
107
126
480
423
268
217
76
271
362
355
411
213
9
38
250
83
173
2
307
334
39
457
408
499
242
176
112
174
155
146
435
84
159
70
374
343
337
137
180
147
253
143
496
310
334
218
114
469
206
369
264
133
198
355
285
446
266
344
465
446
46
53
418
191
492
120
17
15
37
95
225
145
407
315
454
200
428
466
100
266
333
402
225
187
41
165
352
88
456
328
224
289
289
460
21
40
50
179
122
340
31
170
486
99
324
91
487
251
352
268
220
90
319
369
157
5
203
92
39
98
346
350
274
497
394
377
77
71
397
317
137
61
265
470
82
286
492
87
280
226
282
56
422
111
72
430
323
431
62
96
415
402
354
154
221
116
14
207
475
66
387
32
309
84
69
275
53
46
83
389
165
389
391
363
331
239
130
251
437
124
209
16
106
311
406
472
489
114
57
360
251
186
190
202
166
55
420
1
109
177
299
136
397
448
336
400
330
448
64
272
12
131
57
491
127
53
248
80
67
216
374
400
241
224
396
290
14
489
330
239
14
272
341
96
216
77
213
47
64
67
128
202
253
124
130
443
215
206
128
276
226
294
278
317
150
480
8
76
407
471
169
219
292
82
213
150
472
93
187
81
9
400
182
64
427
214
25
486
402
95
240
180
116
86
103
104
321
107
327
33
168
12
114
116
129
496
140
287
107
178
403
35
319
282
343
248
461
174
378
300
194
159
483
371
210
189
131
258
336
304
371
1
275
170
378
247
131
262
313
483
365
220
124
396
405
382
350
209
282
97
222
73
330
422
65
41
210
343
338
7
286
354
162
426
498
64
495
319
87
404
137
411
442
172
111
357
226
244
105
209
389
262
239
173
355
434
350
228
420
473
214
461
412
74
162
125
117
497
382
62
111
134
362
465
469
242
280
63
235
316
327
285
121
151
184
227
311
405
314
183
305
229
204
60
147
499
83
457
480
435
52
291
43
212
426
62
68
401
210
262
122
119
346
452
37
302
445
173
29
42
203
70
462
175
229
13
116
212
461
109
201
206
95
436
24
485
412
266
152
354
257
379
145
231
459
439
157
245
451
407
319
56
317
43
214
95
123
64
397
133
132
321
254
346
171
18
457
31
215
83
59
151
266
82
126
302
197
360
483
187
331
24
120
398
27
65
464
448
262
499
352
309
117
357
424
217
305
246
229
105
11
58
446
263
57
123
382
378
94
330
67
142
385
18
439
355
337
479
440
207
448
61
240
335
112
389
256
245
186
13
170
131
449
204
409
260
232
16
74
342
98
367
60
265
208
314
36
462
304
358
155
398
32
351
441
182
204
150
245
235
104
345
407
311
223
406
118
82
214
205
202
163
112
270
339
209
432
28
145
299
46
84
174
346
284
433
116
47
166
356
398
246
4
486
239
47
71
341
273
14
364
408
315
380
136
247
395
487
346
48
137
483
467
119
111
243
181
278
326
377
145
265
296
60
376
417
119
368
73
449
70
290
259
403
20
101
324
498
347
383
355
162
439
473
215
191
6
282
201
378
362
436
122
152
281
